245
3294
3802
2818
0
81

1
4590
2888
4783
30
22

4615
4183
2869
3231
5
70

311
32
3708
3954
80
0

2929
4278
512
2848
30
54

3291
4644
1369
4392
72
126

4220
127
4102
3831
30
97

72
38
3732
3748
22
34

217
3621
2859
2843
32
37

1002
3535
3113
524
4
40

369
317
3923
3529
35
60

417
4240
3896
4147
97
34

3658
4529
3415
4309
56
38

3550
560
3053
3902
16
17

4024
4077
3491
458
20
54

3768
4466
652
4322
34
12

512
4183
3802
3621
18
75

3748
4783
1369
3294
66
15

2869
3708
3732
317
32
2

4220
217
3113
3291
75
78

38
4309
245
2888
10
16

1
3535
4615
3529
24
18

3053
3923
4102
72
15
63

4644
2818
2859
3768
89
44

652
1002
4278
4024
27
53

32
3831
4322
4240
35
71

3550
417
311
2929
20
34

3491
3415
3954
369
50
57

4147
2843
127
3902
59
31

4529
4077
524
3231
45
30

3896
4466
2848
458
0
56

4590
560
3658
4392
45
83

2859
3535
4024
512
31
50

4220
3708
3768
3748
9
47

4322
3529
72
311
28
34

3802
1369
3053
4615
22
84

417
217
1
2818
49
38

3902
3491
3291
3621
3
58

4102
2843
3550
458
54
10

3923
127
3658
3896
43
75

4644
369
2869
4309
72
50

4590
3831
3415
2929
90
34

38
3113
317
4392
19
36

3231
4240
245
4466
80
42

1002
3954
4529
3732
71
53

2848
2888
560
4183
22
0

4147
3294
652
4077
40
16

32
524
4783
4278
38
46

4309
311
3535
4220
18
50

4615
458
3923
3748
61
58

4392
1
2869
72
18
33

3415
4240
3053
2818
57
21

4024
3732
3529
417
15
50

560
512
3831
3491
51
16

3113
4102
245
4183
42
59

4466
2888
127
32
53
35

317
3621
652
4590
23
65

1002
3294
3231
3550
10
50

524
4147
3768
3954
76
55

3291
3802
4783
2843
35
34

2848
4644
38
4077
22
35

217
3902
1369
3708
33
58

2859
2929
3658
369
10
72

4278
3896
4322
4529
61
40

4392
3529
32
512
63
60

2888
3491
4240
3535
0
52

4466
3550
4183
4590
13
39

3053
127
317
417
15
32

4220
3294
38
3923
0
30

458
3732
1369
652
58
67

3708
72
4309
3291
39
20

2818
4529
2869
4102
31
84

2843
2929
1002
4644
75
10

3113
4077
3658
3954
59
58

3902
3415
4278
3768
57
96

4783
4615
560
2859
12
53

3831
3231
4024
217
50
42

3896
524
1
3802
58
45

369
245
311
3621
84
74

3748
2848
4322
4147
20
70

4529
652
3053
4392
50
102

4183
2929
32
3294
23
10

3902
3529
4466
1002
66
0

72
317
2843
3491
20
26

3291
4102
4240
4590
49
72

3732
3658
3802
217
49
14

3621
3896
3550
4644
89
10

4322
3231
4220
3415
66
44

4783
3768
2869
3535
63
60

417
3748
4077
3831
29
33

4278
311
560
38
50
10

4024
4147
2818
4309
37
62

3708
127
2848
4615
45
26

3923
3954
512
1
0
17

1369
245
524
2859
44
64

3113
458
369
2888
84
16

4783
317
4220
4466
53
70

3529
3802
3550
3748
97
65

4240
2843
3294
3732
36
52

652
4183
72
3415
0
43

4590
3768
4615
4529
89
71

2929
4077
1
3708
60
25

245
3053
217
3535
43
29

3621
3954
127
1369
32
12

3658
2848
4102
4024
81
38

4392
4309
3923
4278
16
18

2869
38
1002
3491
16
38

4322
2859
3113
3902
60
39

512
458
524
417
51
29

2888
311
4147
4644
15
82

3231
32
369
560
5
50

3831
2818
3291
3896
87
52
